0
1
0
0
0
0
0
0
0
0
0
0
0
0
0
1
0
0
0
0
0
1
0
0
0
0
0
0
0
1
0
0
0
0
0
2
0
0
0
0
0
0
0
1
0
0
0
0
0
3
0
0
0
0
0
0
1
0
0
0
0
0
4
0
0
0
0
0
0
1
0
0
0
0
0
6
0
0
0
0
0
0
1
0
0
0
0
0
6
0
0
0
0
1
0
1
0
0
0
0
0
6
0
0
0
0
2
0
1
0
0
0
0
0
6
0
0
0
0
4
0
1
0
0
0
0
0
6
0
0
0
0
5
0
1
0
0
0
0
0
6
0
0
0
0
6
0
1
0
0
0
0
0
6
0
0
0
0
6
0
1
0
0
0
0
0
6
0
0
0
0
6
0
1
0
0
0
0
0
6
0
0
0
0
6
0
1
0
0
0
0
0
6
0
0
0
0
6
0
1
0
0
0
0
0
6
0
0
0
0
6
0
1
0
0
0
0
0
6
0
0
0
0
6
0
1
0
0
0
0
0
6
0
0
0
0
6
0
1
0
0
0
0
0
6
0
0
0
16
6
0
1
0
0
0
0
0
6
0
0
0
16
7
0
1
0
0
0
0
0
6
0
0
0
16
8
0
1
0
0
0
0
0
6
0
0
0
16
9
0
1
0
0
0
0
0
6
0
1
0
16
10
0
1
0
0
0
0
0
6
0
2
0
16
11
0
1
0
0
0
0
0
7
0
4
0
16
11
1
1
0
0
0
0
0
9
0
4
0
16
11
2
1
0
0
0
0
0
9
0
4
0
16
11
3
1
0
0
0
0
0
9
0
4
0
16
11
5
1
0
0
0
0
0
9
0
4
0
16
11
6
1
0
0
0
0
0
9
0
4
0
16
11
7
1
0
0
0
0
0
9
0
4
0
16
11
8
1
0
0
0
0
0
9
0
4
0
16
11
