1789
790
40471
14383
25582
6854
40557
25598
14588
48279
32835
36889
40688
32840
44674
40572
32816
32808
32828
44596
40582
44714
40595
40602
32886
42503
48133
34970
14449
27441
44753
48196
36968
48300
48260
42608
29665
32933
25514
42615
40634
35033
29467
32993
42653
48242
27428
36920
48172
36937
36953
36970
37003
40510
37048
37088
6815
37118
44614
44622
44573
27623
34919
42584
42588
12341
29296
22080
36858
42744
34999
44355
31159
42529
35007
38665
42601
27435
44447
31118
42314
38832
27448
31134
4695
46362
35042
31220
42335
46469
42700
38884
6665
34861
38868
20032
46476
40312
42404
46448
27355
36640
38876
34777
38901
27337
44297
31210
34718
46580
38689
32639
44536
38722
27254
29234
38739
34803
46567
27365
36816
38750
40411
46442
25189
36679
38763
34677
25221
34728
36862
34747
36810
34571
44370
38780
48037
27382
40338
34699
48019
42417
27265
32714
38798
40248
27385
40333
42422
27287
25119
27389
40346
42247
34614
32761
42254
42389
42279
42444
42362
42466
32512
32518
32533
46530
46548
46536
46559
32600
46340
46389
46498
46525
29267
36765
32546
32565
32554
32572
29196
29209
29224
29243
25236
25227
25240
25244
36828
44410
25195
25213
44325
44487
32684
32656
44380
48071
40212
48058
47895
48100
47951
47915
40289
6872
28586
14505
37960
14560
38046
28588
22257
38007
22229
14569
28590
4720
45758
4655
45591
38130
20006
28569
19984
45715
4609
45800
37908
28452
22171
37926
22197
45629
28465
12475
28467
4752
28472
4762
38091
12518
45661
12539
2051
28457
22251
4612
37966
4635
37984
22045
4673
37939
4683
37949
38031
20206
31856
19991
19996
17479
45771
45784
26326
8306
28321
45336
28367
20015
20026
20029
752
14553
14556
37666
10131
18065
2369
18068
22115
43441
22126
8441
22136
534
4377
684
4483
35831
22189
729
10022
516
2386
33781
18097
523
33586
23771
41360
2567
35648
23777
35779
2654
43493
2638
41340
18078
26289
2616
41238
10404
8250
43302
8273
43395
23750
28395
8363
33760
15889
33663
10244
15892
33552
2740
43408
2769
35618
18113
15894
47128
18030
15883
35622
2773
35596
10480
16120
10161
18084
23801
41288
2785
33770
18175
2674
35717
2786
35636
17957
2744
12199
10274
2750
43446
2592
43286
10246
41372
17983
18060
33791
2600
33734
2790
33741
15741
10250
41323
4487
35819
41309
6489
35626
12086
7974
35749
2551
33561
41453
404
43344
2390
43314
41466
10195
28280
2378
43438
26261
15858
43402
375
19777
43422
4432
10232
2602
2394
33543
26254
15709
18118
7938
4503
41421
4492
23366
35615
23300
2346
33604
10125
35630
10141
4505
2406
47240
10186
39650
418
28172
15820
2537
12208
10031
31805
334
4512
451
4515
15779
17924
23386
10165
21840
10216
21845
2313
21837
17715
21856
4537
2607
15840
10270
8042
10174
6503
487
21861
4544
2762
15848
2523
6508
491
21868
4562
31813
23318
10046
6520
7994
19823
4576
10065
6527
4408
10201
14335
4412
4439
453
458
475
4468
12188
12217
12218
19949
19964
12032
12045
12061
12070
12093
12129
12155
19888
6532
7941
7958
7964
6432
6450
21767
14209
15867
23331
21798
21813
23546
6470
6495
23311
5604
35973
37706
5486
45315
5436
45505
31818
13168
31858
5566
31864
36087
37746
5607
45541
5501
45477
5398
45400
31868
5617
47154
5615
47229
5589
37827
20788
37633
5523
30273
31877
5626
47355
9443
37806
31880
3714
37769
39587
35892
37748
39613
24400
37650
33808
45526
39497
39559
33851
39528
33969
37743
47182
35940
47264
36038
37752
36019
45561
36005
36057
45438
26411
45346
39466
43751
45323
26415
45370
47247
35841
35846
35853
1542
26597
26432
1742
26570
26437
16931
41661
26450
9290
41481
26444
9326
37791
26552
9424
37655
26430
3593
41500
43637
3705
41603
43624
16966
41618
36031
26399
3639
41523
43528
16981
41512
43655
43665
18946
43567
43713
43594
19154
37674
24464
16899
34030
24434
33989
19115
24364
24483
33910
19070
24409
11267
24548
16970
41692
24568
33874
39546
17008
41645
47206
16984
9355
33940
37874
9376
1726
33947
41576
24538
17010
33960
24343
11277
17001
24345
3620
17003
41674
9399
11442
41628
9388
3613
41538
7378
11322
21094
21123
14933
19185
21084
22754
21112
19198
21239
22757
16987
22633
21226
22763
21114
21136
14987
5650
22674
11289
7414
5640
7382
18791
21143
7284
5645
7374
3381
13539
7272
11253
21028
3461
13446
3631
13359
15055
11106
7261
3346
21159
22700
16839
13405
9122
21169
14848
11122
15073
11127
7309
18896
21176
3366
13498
14863
9063
3484
8965
3437
9108
11148
7416
9140
3450
9114
11160
3539
9118
11167
3528
41001
31367
41094
8984
18849
33531
16719
3572
3565
3580
18749
3494
3505
3500
3518
11085
11243
11201
11206
11218
11210
11225
27922
18928
18931
18922
18937
18941
18942
1363
1377
15090
15093
7174
7193
21055
5759
21180
13556
13546
33366
9875
11188
11190
11192
11194
11199
1456
17497
22750
13503
22610
13322
23059
9777
1504
9829
11570
17536
4127
2273
11856
2237
1510
1526
9012
9893
22766
2251
4081
0
25864
23121
9031
1289
6311
23138
9075
16867
9054
23170
9895
14052
1495
9087
9908
1497
1437
7924
9911
1502
9898
28021
17510
14054
15592
17455
11928
17523
11909
7886
13884
23155
13829
7851
6236
23111
6218
23286
17466
12000
6204
33426
14044
17426
21715
9920
11847
1836
4134
11640
12012
6284
19269
13925
11600
23159
17437
11938
6301
9543
23193
11669
4138
6251
5902
21556
3864
11974
6268
17265
23146
19344
4058
15334
11819
6345
4021
13908
3999
11949
4092
6053
4093
17526
21394
7715
21377
7871
21388
23130
19399
7932
19411
4142
21442
12024
19419
23260
6367
23085
13838
6069
1865
5965
17336
13794
19280
5922
1855
6100
13869
13585
11860
13745
11961
21341
1922
21345
1892
7502
9472
7571
9573
22989
11987
15111
4341
21262
11663
22932
17211
21302
17518
19262
6057
1884
13817
19284
6094
13887
13599
11894
13759
1924
21347
1907
7518
9492
7576
9578
7456
11979
15125
4329
21400
17530
11533
6060
21648
6045
19274
6106
1927
21365
1913
15274
9481
7472
11681
15132
9556
21406
17534
13854
6073
19291
6007
1937
13786
9674
15294
9505
7481
11685
21664
13616
1929
7537
11699
19299
13610
1944
7447
11702
19318
13712
11708
19305
13727
9566
19308
7437
11678
19327
7452
4103
1794
15206
4110
13915
15179
19430
17379
15196
142
19209
19231
23164
19354
23134
23224
19585
23037
15236
15138
15166
21423
21436
8545
4891
8636
12664
949
12776
8583
5065
24201
12574
20290
10688
1082
10704
16530
18198
20277
1012
5087
1096
12667
20340
10533
12993
20404
12676
20426
10511
12678
20440
10592
16501
18416
12691
20455
2911
12683
16385
20357
12702
5023
10649
8497
3052
18313
18217
18237
10662
3141
10673
8616
20229
10679
16436
20373
10667
24217
20387
18367
8506
20396
18180
18375
8928
20408
18381
24304
20412
18251
936
20362
18265
8702
24289
998
1048
8596
16580
986
24308
989
24158
940
3173
839
24114
1087
16375
24256
16356
24298
16284
850
1027
914
16545
863
16566
1004
16553
897
24284
904
16408
910
3314
921
18468
926
3206
927
3176
888
18510
8621
8747
24260
13014
23914
3091
16324
24169
16343
18471
16143
3220
24264
23876
16394
23857
16425
16307
18486
16333
3213
16358
3224
5130
8518
24267
8560
3084
23893
16427
24053
18473
23848
8652
5342
7108
20609
8490
12834
6919
13001
8524
5217
8552
20569
24023
16415
12900
8473
12948
7129
20625
6948
13007
8536
5219
12911
8509
12940
6953
20533
8541
5222
23881
6969
20526
8762
20656
23887
6975
20540
23854
6994
20577
16316
6988
7008
7010
7014
3182
3198
3199
14761
18652
14630
14727
22459
14784
14812
18435
18446
22325
22314
22319
8710
8718
8778
24101
14598
14613
14607
22342
22274
22279
22298
16206
16347
5185
5203
5198
16367
12965
12983
12991
16226
12957
12959
5350
5170
5177
20637
12851
12840
33380
27762
28026
43009
43248
26051
30065
41030
40882
28004
45017
35348
43020
35411
25880
44946
35561
33468
27876
27992
27736
43095
33326
27805
35380
33399
31383
43218
33388
46623
35401
33391
30040
35477
41050
37617
43080
41137
45300
35464
33288
40872
43083
41087
31328
43110
40983
31370
35333
35526
39093
35339
35540
44997
43125
27917
33041
43140
27935
31344
35441
35511
30113
31297
43222
39319
44820
43086
38977
29989
43052
35497
38983
40877
37295
35515
29800
31322
35518
47093
37180
43209
29864
31395
28036
31407
35432
31423
37204
35367
37210
35341
44979
31429
44839
39136
35449
38969
35359
38929
35417
38950
33036
29825
31442
44859
39157
40726
45026
39148
27857
46659
30075
46803
40746
37363
39167
31717
46692
45263
29828
45190
45033
38915
40713
29841
38922
39417
29781
46946
27815
39347
37199
38974
27836
46678
30022
25774
30106
29846
30162
31248
30146
37164
30136
44908
30094
44974
30141
33246
30164
33079
30174
25785
46730
40916
37381
25824
27840
39000
33255
39017
46987
30158
25841
27860
37609
25845
27848
37402
25834
27868
37465
45292
27890
27894
27886
39116
37520
37534
37409
37417
37436
37568
37497
27869
45126
45149
35078
35091
35101
27700
46666
35138
35140
35192
35221
37557
37548
37561
35238
35250
45206
45091
46706
46697
35422
29939
43165
45170
29702
45216
45227
29742
35267
35280
35288
35295
35311
31616
31636
42775
31686
31533
39369
35104
35111
35124
42834
42843
29832
42876
42897
39173
39190
39181
37325
37262
42927
46913
46922
42956
31262
39229
42982
42997
45007
39270
39289
42786
33154
39337
39354
25698
33205
47083
47087
25741
25754
46901
46889
25801
25817
33127
44884
33051
46868
46862
46872
47046
47069
47018
33268
33275
33064
40959
41803
38398
41777
38241
41768
30514
41890
34242
47680
45937
24723
46004
24598
38212
39729
30539
39825
30566
39886
34062
39695
41930
47538
41965
39774
41843
39796
41862
32183
41732
47606
36167
34109
39836
34075
47489
41837
39805
41758
47599
32234
46039
34119
32110
46059
34212
47510
38328
34165
47518
32169
30654
28851
26704
36147
26720
34277
26829
38145
34156
26846
36336
34133
26661
30690
44004
26869
45894
30658
36238
26628
28778
30493
30674
28892
26670
43842
26731
36303
46026
26685
45980
26751
43828
30692
26649
43791
36342
45988
30655
26873
36259
36345
45989
36283
43857
43816
43944
43863
38272
38587
36200
38294
36357
36204
38298
27078
36207
38312
40087
36223
38336
29028
42188
38362
42234
38553
40022
45837
47622
34529
38168
34549
36375
42066
29156
34311
36400
42213
38426
42021
38452
32482
26881
38632
34459
44117
42035
36582
25054
36570
47729
29056
47823
29114
47843
29142
46229
42044
46130
24947
26886
46304
42102
46279
34440
38466
42138
38611
29131
46124
24917
46083
36593
26903
46177
34403
46322
34380
46287
26912
38468
29135
34492
38472
29144
38441
38616
29088
34516
38622
29091
34507
26924
29097
28942
29174
29160
29181
34337
34358
34365
41996
32407
29066
29082
32290
32306
28974
28988
39938
36430
36492
39975
36606
32352
44232
44102
44066
44087
44038
32461
32472
44128
47651
44258
44195
40152
38512
30740
30748
38639
32485
32503
32489
40044
40063
47799
47805
47869
46147
46153
46159
46202
46313