1789
0
142
24101
24114
24158
24169
24201
24217
24256
24260
24264
24267
24284
334
24289
24298
24304
24308
24343
24345
375
24364
404
418
24400
24409
451
453
458
24434
475
487
491
24464
24483
516
523
534
24538
24548
24568
24598
684
729
24723
752
790
839
850
863
888
897
904
910
914
921
926
927
24917
24947
25054
25119
25189
25195
25213
25221
25227
25236
25240
25244
25514
936
940
949
25582
25598
986
989
998
1004
1012
25698
1027
1048
25741
25754
1082
1087
25774
1096
25785
25801
25817
25824
25834
25841
25845
25864
25880
1289
1363
1377
1437
26051
1456
1495
1497
1502
1504
1510
1526
1542
26254
26261
26289
26326
1726
1742
26399
26411
26415
26430
26432
1794
26437
26444
1836
26450
1855
1865
1884
1892
1907
1913
1922
26552
1927
1924
1929
26570
1937
1944
2051
2237
2251
2273
2313
2346
2369
2378
2386
2390
2394
2406
2523
2537
2551
2567
2592
2600
2602
2607
2616
2638
2654
2674
2740
2744
2750
2762
2769
2773
2785
2786
2790
2911
3052
3084
3091
3141
3173
3176
3182
3198
3199
3206
3213
3220
3224
3314
3346
3366
3381
3437
3450
3461
3484
3494
3500
3505
3518
3528
3539
3565
3572
3580
3593
3613
3620
3631
3639
3705
3714
3864
3999
4021
4058
4081
4092
4093
4103
4110
4127
4134
4138
4142
4329
4341
4377
4408
4412
4432
4439
4468
4483
4487
4492
4503
4505
4512
4515
4537
4544
4562
26597
4576
4609
4612
26628
4635
26649
26661
26670
26685
26704
26720
26731
26751
26829
26846
26869
26873
26881
26886
26903
26912
26924
27078
27254
27265
27287
27337
27355
27365
27382
27385
27389
27428
27435
27441
27448
27623
27700
27736
27762
27805
27815
27836
27840
27848
27857
27860
27868
27869
27876
27886
27890
27894
27917
27922
27935
27992
28004
28021
28026
28036
28172
28280
28321
28367
28395
28452
28457
28465
28467
28472
28569
28586
28588
28590
28778
28851
28892
28942
28974
28988
29028
29056
29066
29082
29088
29091
29097
29114
29131
29135
4655
29142
29144
29156
29160
4673
4683
29174
29181
4695
29196
4720
29209
29224
4752
4762
4891
5023
5065
5087
5130
5170
5177
5185
5198
5203
5217
5219
5222
5342
5350
5398
5436
5486
5501
5523
5566
5589
5604
5607
5615
5617
5626
5640
5645
5650
5759
5902
5922
5965
6007
6045
6053
6057
6060
6069
6073
6094
6100
6106
6204
6218
6236
6251
6268
6284
6301
6311
6345
6367
6432
6450
6470
6489
6495
6503
6508
6520
6527
6532
6665
6815
6854
6872
6919
6948
6953
6969
6975
6988
6994
29234
7008
29243
7010
7014
29267
7108
29296
7129
7174
7193
7261
7272
7284
29467
29665
29702
29742
29781
29800
29825
29828
29832
29841
29846
29864
29939
29989
30022
30040
30065
30075
30094
30106
30113
30136
30141
30146
30158
30162
30164
30174
30273
30493
30514
30539
30566
30654
30655
30658
30674
30690
30692
30740
30748
31118
31134
31159
31210
31220
31248
31262
31297
31322
31328
31344
31367
31370
31383
31395
31407
31423
31429
31442
31533
31616
31636
31686
31717
31805
31813
31818
31856
31858
31864
31868
31877
31880
32110
7309
7374
7378
7382
7414
7416
7437
7447
7452
7456
7472
7481
7502
7518
7537
7571
7576
7715
7851
7871
7886
7924
7932
7938
7941
7958
7964
7974
7994
8042
8250
8273
8306
8363
8441
8473
8490
8497
8506
8509
8518
8524
8536
8541
8545
8552
8560
8583
8596
8616
8621
8636
8652
8702
8710
8718
8747
8762
8778
8928
8965
8984
9012
9031
9054
9063
9075
9087
9108
9114
9118
9122
9140
9290
9326
9355
9376
9388
9399
9424
9443
9472
9481
9492
9505
9543
9556
9566
9573
9578
9674
9777
9829
9875
9893
9895
9898
9908
9911
9920
32169
32183
32234
32290
32306
32352
32407
32461
10022
32472
10031
32482
32485
32489
10046
32503
32512
32518
10065
32533
32546
32554
10125
32565
32572
10131
10141
32600
10161
10165
32639
10174
10186
10195
10201
32656
10216
32684
10232
32714
10244
32761
10246
10250
10270
10274
32808
32816
32828
32835
32840
32886
10404
32933
10480
32993
10511
33036
10533
33041
33051
33064
33079
10592
33127
10649
33154
10662
10667
10673
33205
10679
10688
33246
10704
33255
33268
33275
33288
33326
33366
33380
33388
33391
33399
33426
33468
33531
33543
11085
33552
33561
11106
33586
11122
11127
33604
11148
11160
11167
33663
11188
11190
11192
11194
11199
11201
11206
11210
11218
11225
11243
11253
11267
11277
11289
11322
11442
11533
11570
11600
11640
11663
11669
11678
11681
11685
11699
11702
11708
11819
11847
11856
11860
11894
11909
11928
11938
11949
11961
11974
11979
11987
12000
12012
12024
12032
12045
12061
12070
12086
12093
12129
12155
12188
12199
12208
12217
12218
12341
12475
12518
12539
12574
12664
12667
12676
12678
12683
12691
12702
12776
12834
12840
12851
12900
12911
12940
12948
12957
12959
12965
12983
12991
12993
13001
13007
13014
13168
13322
13359
13405
13446
13498
13503
13539
13546
13556
13585
13599
13610
13616
13712
13727
13745
13759
13786
13794
13817
13829
13838
13854
13869
13884
13887
13908
13915
13925
14044
14052
14054
14209
14335
14383
14449
14505
14553
14556
14560
14569
14588
14598
14607
33734
14613
33741
14630
33760
33770
14727
33781
14761
33791
14784
14812
33808
14848
14863
33851
14933
33874
14987
33910
15055
15073
15090
15093
33940
33947
15111
33960
15125
15132
33969
15138
33989
15166
15179
15196
15206
34030
15236
15274
34062
15294
34075
15334
34109
34119
34133
34156
34165
34212
15592
34242
34277
15709
34311
15741
34337
15779
34358
15820
34365
15840
15848
34380
15858
15867
15883
34403
15889
15892
15894
34440
34459
34492
34507
34516
34529
34549
34571
34614
34677
34699
34718
34728
34747
34777
34803
34861
34919
34970
34999
35007
35033
35042
35078
35091
35101
35104
35111
35124
35138
35140
35192
35221
35238
35250
35267
35280
35288
35295
35311
35333
35339
35341
35348
35359
35367
35380
35401
35411
35417
35422
35432
35441
35449
35464
35477
35497
35511
35515
35518
35526
35540
35561
35596
35615
35618
35622
35626
35630
35636
35648
35717
35749
35779
35819
35831
35841
35846
35853
35892
35940
35973
36005
36019
36031
36038
36057
36087
36147
36167
36200
36204
36207
36223
36238
36259
36283
36303
36336
36342
36345
36357
36375
36400
36430
36492
36570
36582
36593
36606
36640
36679
36765
36810
36816
36828
36858
36862
36889
36920
36937
36953
36968
36970
37003
37048
37088
37118
37164
37180
37199
37204
37210
37262
37295
37325
37363
37381
37402
37409
37417
37436
37465
37497
37520
37534
16120
37548
37557
37561
16143
37568
37609
37617
16206
37633
37650
37655
16226
37666
37674
37706
16284
37743
16307
16316
37746
37748
37752
37769
16324
37791
16333
37806
16343
37827
16347
16356
16358
16367
37874
16375
37908
37926
16385
37939
16394
37949
16408
16415
37960
37966
16425
16427
16436
37984
38007
38031
38046
16501
16530
38091
16545
16553
16566
38130
16580
38145
38168
38212
38241
38272
16719
38294
38298
38312
38328
38336
38362
16839
38398
16867
38426
38441
38452
38466
38468
16899
38472
16931
38512
16966
16970
38553
16981
16984
38587
16987
17001
17003
38611
38616
38622
38632
38639
17008
17010
38665
38689
17211
17265
17336
17379
17426
17437
17455
17466
17479
17497
17510
17518
17523
17526
17530
17534
17536
17715
17924
17957
17983
18030
18060
18065
18068
18078
18084
18097
18113
18118
18175
18180
18198
18217
18237
18251
18265
18313
18367
18375
18381
18416
18435
18446
18468
18471
18473
18486
18510
18652
18749
18791
18849
18896
18922
18928
18931
18937
18941
18942
18946
19070
19115
19154
19185
19198
19209
19231
19262
19269
19274
19280
19284
19291
19299
19305
19308
19318
19327
19344
19354
19399
19411
19419
19430
19585
19777
19823
19888
19949
19964
19984
19991
19996
20006
20015
20026
20029
20032
20206
20229
20277
20290
20340
20357
20362
20373
20387
20396
20404
20408
20412
20426
20440
20455
20526
20533
20540
20569
20577
20609
20625
20637
20656
20788
21028
21055
21084
21094
21112
21114
21123
21136
21143
21159
21169
21176
21180
21226
21239
21262
21302
21341
21345
21347
21365
21377
21388
21394
21400
21406
21423
21436
21442
21556
38722
38739
38750
21648
38763
21664
38780
38798
21715
21767
38832
21798
21813
21837
38868
38876
21840
21845
38884
21856
21861
21868
38901
38915
38922
38929
38950
22045
38969
22080
38974
22115
22126
38977
38983
22136
39000
22171
39017
22189
22197
39093
39116
39136
39148
39157
39167
39173
39181
39190
39229
39270
39289
39319
39337
39347
39354
39369
39417
39466
39497
39528
39546
39559
39587
39613
39650
39695
39729
39774
39796
39805
39825
39836
39886
39938
39975
40022
40044
40063
40087
40152
40212
40248
40289
40312
40333
40338
40346
40411
40471
40510
40557
40572
40582
40595
40602
40634
40688
40713
40726
40746
40872
40877
40882
40916
40959
40983
41001
41030
41050
41087
41094
41137
41238
41288
41309
41323
41340
41360
41372
41421
41453
41466
41481
41500
41512
41523
41538
41576
41603
41618
41628
41645
41661
41674
41692
41732
22229
22251
22257
22274
22279
22298
22314
22319
22325
22342
22459
22610
22633
22674
22700
22750
22754
22757
22763
22766
22932
22989
23037
23059
23085
23111
23121
23130
23134
23138
23146
23155
23159
23164
23170
23193
23224
23260
23286
23300
23311
23318
23331
23366
23386
23546
23750
23771
23777
23801
23848
23854
23857
23876
23881
23887
23893
23914
24023
24053
42247
42254
41758
42279
41768
42314
41777
42335
42362
41803
42389
42404
42417
42422
41837
42444
41843
42466
41862
42503
42529
41890
42584
42588
41930
42601
42608
42615
41965
42653
42700
41996
42744
42021
42775
42035
42786
42044
42066
42102
42138
42188
42213
42234
45315
45323
45336
45346
45370
45400
45438
45477
45505
45526
45541
45561
45591
45629
45661
45715
45758
45771
45784
45800
45837
45894
45937
45980
45988
45989
46004
46026
46039
46059
46083
46124
46130
46147
46153
46159
46177
46202
46229
46279
46287
46304
46313
46322
46340
46362
46389
46442
46448
46469
46476
46498
46525
46530
46536
46548
46559
46567
46580
46623
46659
46666
46678
46692
46697
46706
42834
46730
42843
42876
42897
46803
42927
42956
42982
46862
42997
46868
46872
46889
46901
46913
46922
43009
43020
46946
43052
46987
43080
43083
43086
47018
43095
43110
47046
43125
47069
43140
47083
47087
43165
47093
43209
47128
43218
43222
47154
43248
47182
47206
43286
47229
43302
47240
47247
43314
47264
43344
43395
43402
43408
43422
43438
43441
43446
43493
43528
43567
43594
43624
43637
43655
43665
43713
43751
43791
43816
43828
43842
43857
43863
43944
44004
44038
44066
44087
44102
44117
44128
44195
44232
44258
44297
44325
44355
44370
44380
44410
44447
44487
44536
44573
44596
44614
44622
44674
44714
44753
44820
44839
44859
44884
44908
44946
44974
44979
44997
45007
45017
45026
45033
45091
45126
45149
45170
45190
45206
45216
45227
45263
45292
45300
47622
47651
47680
47729
47799
47805
47823
47843
47869
47895
47915
47951
48019
48037
48058
48071
48100
48133
48172
48196
48242
48260
48279
48300
47355
47489
47510
47518
47538
47599
47606